{
 "cells": [
  {
   "cell_type": "code",
   "execution_count": null,
   "metadata": {},
   "outputs": [],
   "source": [
    "import numpy as np\n",
    "import math as m\n",
    "np.set_printoptions(precision=4)\n",
    "np.set_printoptions(suppress=True)\n",
    "\n",
    "#input\n",
    "k = -2.3\n",
    "n = 2.5\n",
    "\n",
    "a = np.array([[3+k, 1.7+n, 1.6+2*k, 5.5-n],\n",
    "              [1.7+n, 1, 2.5-k, 4.3+n],\n",
    "              [1.6+2*k, 2.5-k, 3, 2.7-k],\n",
    "              [5.5-n, 4.3+n, 2.7-k, 4.8+n]])\n",
    "\n",
    "j = np.array([[1, 0, 0, 0],\n",
    "              [0, 1, 0, 0],\n",
    "              [0, 0, 1, 0],\n",
    "              [0, 0, 0, 1]])\n",
    "\n",
    "accuracy = 10**-4\n",
    "\n",
    "def qr(a):\n",
    "    \n",
    "    i = 1\n",
    "    delta = 1\n",
    "    \n",
    "    while(delta > accuracy):\n",
    "\n",
    "        s1 = m.sqrt(a[0][0]**2 + a[1][0]**2 + a[2][0]**2 + a[3][0]**2)\n",
    "        print(s1)\n",
    "        print(a[0][0])\n",
    "        mu1 = (2*s1*(s1-a[0][0]))**(-1/2)\n",
    "        w1 = np.dot(mu1, [a[0][0]-s1, a[1][0], a[2][0], a[3][0]])\n",
    "        a1 = (j - 2*w1*np.vstack(w1)).dot(a)\n",
    "\n",
    "        s2 = m.sqrt(a1[1][1]**2 + a1[2][1]**2 + a1[3][1]**2)\n",
    "        mu2 = (2*s2*(s2-a1[1][1]))**(-1/2)\n",
    "        w2 = np.dot(mu2, [0, a1[1][1] - s2, a1[2][1], a1[3][1]])\n",
    "        a2 = (j - 2*w2*np.vstack(w2)).dot(a1)        \n",
    "\n",
    "        s3 = m.sqrt(a2[2][2]**2 + a2[3][2]**2)\n",
    "        mu3 = (2*s3*(s3-a2[2][2]))**(-1/2)\n",
    "        w3 = np.dot(mu3, [0, 0, a2[2][2] - s3, a2[3][2]])\n",
    "        a3 = (j - 2*w3*np.vstack(w3)).dot(a2)      \n",
    "\n",
    "        r = a3\n",
    "        q = ((j - 2*w1*np.vstack(w1)).dot((j - 2*w2*np.vstack(w2)))).dot((j - 2*w3*np.vstack(w3)))\n",
    "\n",
    "        an = r.dot(q)\n",
    "        #delta matrix\n",
    "        dm = abs(a - an)\n",
    "        \n",
    "        delta = np.array([dm[0][0], dm[1][1], dm[2][2], dm[3][3]]).max()\n",
    "        \n",
    "        print(\"Iteration \", i)\n",
    "        if (i==1):\n",
    "            print(\"a1 =\\n\", a1)\n",
    "            print(\"a2 =\\n\", a2)\n",
    "            print(\"a3 =\\n\", a3)\n",
    "        print(\"Q =\\n\", q)\n",
    "        print(\"R =\\n\", r)\n",
    "        print(\"A =\\n\", an)\n",
    "        print(\"delta = %.5f\" % delta)\n",
    "        print(\"---------------------------------------\")\n",
    "\n",
    "        a = an\n",
    "        i += 1\n",
    "        \n",
    "    print(\"Answer:\")  \n",
    "    print(\"%.4f, %.4f, %.4f, %.4f\" % (a[0][0], a[1][1], a[2][2], a[3][3]))"
   ]
  },
  {
   "cell_type": "code",
   "execution_count": 20,
   "metadata": {
    "scrolled": false
   },
   "outputs": [
    {
     "name": "stdout",
     "output_type": "stream",
     "text": [
      "A =\n",
      " [[ 0.7  4.2 -3.   3. ]\n",
      " [ 4.2  1.   4.8  6.8]\n",
      " [-3.   4.8  3.   5. ]\n",
      " [ 3.   6.8  5.   7.3]]\n",
      "---------------------------------------\n",
      "6.010823570859487\n",
      "0.7000000000000002\n",
      "Iteration  1\n",
      "a1 =\n",
      " [[ 6.0108  2.1861  4.0028  6.2487]\n",
      " [-0.      2.5927 -0.7381  4.2308]\n",
      " [ 0.      3.6624  6.9558  6.8352]\n",
      " [-0.      7.9376  1.0442  5.4648]]\n",
      "a2 =\n",
      " [[ 6.0108  2.1861  4.0028  6.2487]\n",
      " [-0.      9.1182  3.493   8.7057]\n",
      " [ 0.     -0.      4.5811  4.3237]\n",
      " [-0.     -0.     -4.1024  0.0215]]\n",
      "a3 =\n",
      " [[ 6.0108  2.1861  4.0028  6.2487]\n",
      " [-0.      9.1182  3.493   8.7057]\n",
      " [ 0.     -0.      6.1495  3.2066]\n",
      " [ 0.      0.      0.     -2.9004]]\n",
      "Q =\n",
      " [[ 0.1165  0.4327 -0.8094 -0.3795]\n",
      " [ 0.6987 -0.0578  0.3586 -0.6163]\n",
      " [-0.4991  0.6461  0.4457 -0.3672]\n",
      " [ 0.4991  0.6261  0.1326  0.5842]]\n",
      "R =\n",
      " [[ 6.0108  2.1861  4.0028  6.2487]\n",
      " [-0.      9.1182  3.493   8.7057]\n",
      " [ 0.     -0.      6.1495  3.2066]\n",
      " [ 0.      0.      0.     -2.9004]]\n",
      "A =\n",
      " [[ 3.3484  8.9729 -1.4688 -1.4476]\n",
      " [ 8.9729  7.1799  5.9807 -1.816 ]\n",
      " [-1.4688  5.9807  3.1661 -0.3845]\n",
      " [-1.4476 -1.816  -0.3845 -1.6945]]\n",
      "delta = 8.99450\n",
      "---------------------------------------\n",
      "9.796820063960762\n",
      "3.3484362026017163\n",
      "Iteration  2\n",
      "Q =\n",
      " [[ 0.3418  0.6215 -0.693   0.129 ]\n",
      " [ 0.9159 -0.1136  0.3698  0.1071]\n",
      " [-0.1499  0.7735  0.6154 -0.0229]\n",
      " [-0.1478 -0.0511  0.0648  0.9856]]\n",
      "R =\n",
      " [[ 9.7968  9.0146  4.5578 -1.85  ]\n",
      " [-0.      9.4799  0.8765 -0.9044]\n",
      " [-0.      0.      5.1533 -0.0147]\n",
      " [ 0.     -0.      0.     -2.0425]]\n",
      "A =\n",
      " [[11.1948  8.6849 -0.7705  0.3018]\n",
      " [ 8.6849 -0.3524  3.9866  0.1043]\n",
      " [-0.7705  3.9866  3.1706 -0.1323]\n",
      " [ 0.3018  0.1043 -0.1323 -2.0131]]\n",
      "delta = 7.84641\n",
      "---------------------------------------\n",
      "14.192816076012864\n",
      "11.194846063515143\n",
      "Iteration  3\n",
      "Q =\n",
      " [[ 0.7888  0.5108 -0.3408 -0.0266]\n",
      " [ 0.6119 -0.6041  0.5106  0.0025]\n",
      " [-0.0543  0.6117  0.7886  0.0321]\n",
      " [ 0.0213 -0.0046 -0.0357  0.9991]]\n",
      "R =\n",
      " [[14.1928  6.4205  1.6568  0.2662]\n",
      " [ 0.      7.0875 -0.8618  0.0194]\n",
      " [-0.     -0.      4.8031 -0.0821]\n",
      " [-0.     -0.      0.     -2.0233]]\n",
      "A =\n",
      " [[15.0394  4.3841 -0.2625 -0.043 ]\n",
      " [ 4.3841 -4.8084  2.9382  0.0092]\n",
      " [-0.2625  2.9382  3.7906  0.0722]\n",
      " [-0.043   0.0092  0.0722 -2.0216]]\n",
      "delta = 4.45603\n",
      "---------------------------------------\n",
      "15.667640026871831\n",
      "15.039397124776889\n",
      "Iteration  4\n",
      "Q =\n",
      " [[ 0.9599  0.2565 -0.113   0.0038]\n",
      " [ 0.2798 -0.8528  0.441  -0.0041]\n",
      " [-0.0168  0.455   0.8902 -0.0156]\n",
      " [-0.0027  0.0026  0.0161  0.9999]]\n",
      "R =\n",
      " [[15.6676  2.8136  0.5065 -0.0344]\n",
      " [ 0.      6.5619 -0.8482  0.0087]\n",
      " [-0.      0.      4.7011  0.0406]\n",
      " [ 0.     -0.     -0.     -2.0226]]\n",
      "A =\n",
      " [[15.8183  1.8504 -0.0789  0.0056]\n",
      " [ 1.8504 -5.9816  2.1389 -0.0052]\n",
      " [-0.0789  2.1389  4.1856 -0.0326]\n",
      " [ 0.0056 -0.0052 -0.0326 -2.0224]]\n",
      "delta = 1.17318\n",
      "---------------------------------------\n",
      "15.926362565601393\n",
      "15.81831128180177\n",
      "Iteration  5\n",
      "Q =\n",
      " [[ 0.9932  0.1113 -0.0336 -0.0005]\n",
      " [ 0.1162 -0.9378  0.3273  0.0015]\n",
      " [-0.005   0.329   0.9443  0.007 ]\n",
      " [ 0.0003 -0.0009 -0.0071  1.    ]]\n",
      "R =\n",
      " [[15.9264  1.1323  0.1494  0.0044]\n",
      " [ 0.      6.5189 -0.6376 -0.0035]\n",
      " [-0.     -0.      4.6554 -0.0183]\n",
      " [-0.     -0.      0.     -2.0225]]\n",
      "A =\n",
      " [[15.9491  0.7605 -0.0231 -0.0007]\n",
      " [ 0.7605 -6.3229  1.5315  0.0017]\n",
      " [-0.0231  1.5315  4.3963  0.0144]\n",
      " [-0.0007  0.0017  0.0144 -2.0225]]\n",
      "delta = 0.34128\n",
      "---------------------------------------\n",
      "15.967259160367195\n",
      "15.94911972080957\n",
      "Iteration  6\n",
      "Q =\n",
      " [[ 0.9989  0.0466 -0.0098  0.0001]\n",
      " [ 0.0476 -0.971   0.2343 -0.0005]\n",
      " [-0.0014  0.2345  0.9721 -0.0031]\n",
      " [-0.      0.0003  0.0031  1.    ]]\n",
      "R =\n",
      " [[15.9673  0.4563  0.0436 -0.0006]\n",
      " [ 0.      6.5341 -0.4573  0.0011]\n",
      " [-0.     -0.      4.6327  0.0081]\n",
      " [ 0.      0.      0.     -2.0225]]\n",
      "A =\n",
      " [[15.9708  0.3119 -0.0067  0.0001]\n",
      " [ 0.3119 -6.4518  1.0863 -0.0005]\n",
      " [-0.0067  1.0863  4.5036 -0.0064]\n",
      " [ 0.0001 -0.0005 -0.0064 -2.0225]]\n",
      "delta = 0.12896\n",
      "---------------------------------------\n",
      "15.973836960682922\n",
      "15.970790518683245\n",
      "Iteration  7\n",
      "Q =\n",
      " [[ 0.9998  0.0193 -0.0028 -0.    ]\n",
      " [ 0.0195 -0.9859  0.1659  0.0001]\n",
      " [-0.0004  0.1659  0.9861  0.0014]\n",
      " [ 0.     -0.0001 -0.0014  1.    ]]\n",
      "R =\n",
      " [[15.9738  0.1854  0.0126  0.0001]\n",
      " [ 0.      6.5475 -0.3239 -0.0003]\n",
      " [-0.     -0.      4.6214 -0.0036]\n",
      " [-0.     -0.      0.     -2.0225]]\n",
      "A =\n",
      " [[15.9744  0.128  -0.0019 -0.    ]\n",
      " [ 0.128  -6.5092  0.7668  0.0002]\n",
      " [-0.0019  0.7668  4.5573  0.0028]\n",
      " [-0.      0.0002  0.0028 -2.0225]]\n",
      "delta = 0.05737\n",
      "---------------------------------------\n",
      "15.974917843309282\n",
      "15.974405126142766\n",
      "Iteration  8\n",
      "Q =\n",
      " [[ 1.      0.008  -0.0008  0.    ]\n",
      " [ 0.008  -0.9931  0.117  -0.    ]\n",
      " [-0.0001  0.117   0.9931 -0.0006]\n",
      " [-0.      0.      0.0006  1.    ]]\n",
      "R =\n",
      " [[15.9749  0.0757  0.0037 -0.    ]\n",
      " [-0.      6.555  -0.2284  0.0001]\n",
      " [ 0.     -0.      4.6157  0.0016]\n",
      " [-0.      0.      0.     -2.0225]]\n",
      "A =\n",
      " [[15.975   0.0525 -0.0006  0.    ]\n",
      " [ 0.0525 -6.5365  0.5399 -0.0001]\n",
      " [-0.0006  0.5399  4.584  -0.0012]\n",
      " [ 0.     -0.0001 -0.0012 -2.0225]]\n",
      "delta = 0.02733\n",
      "---------------------------------------\n",
      "15.975097770069704\n",
      "15.975011363347473\n",
      "Iteration  9\n",
      "Q =\n",
      " [[ 1.      0.0033 -0.0002 -0.    ]\n",
      " [ 0.0033 -0.9966  0.0823  0.    ]\n",
      " [-0.      0.0823  0.9966  0.0003]\n",
      " [ 0.     -0.     -0.0003  1.    ]]\n",
      "R =\n",
      " [[15.9751  0.031   0.0011  0.    ]\n",
      " [-0.      6.5589 -0.1607 -0.    ]\n",
      " [ 0.     -0.      4.6129 -0.0007]\n",
      " [ 0.     -0.      0.     -2.0225]]\n",
      "A =\n",
      " [[15.9751  0.0216 -0.0002 -0.    ]\n",
      " [ 0.0216 -6.5499  0.3797  0.    ]\n",
      " [-0.0002  0.3797  4.5973  0.0005]\n",
      " [-0.      0.      0.0005 -2.0225]]\n",
      "delta = 0.01333\n",
      "---------------------------------------\n",
      "15.975127926973233\n",
      "15.97511335468583\n",
      "Iteration  10\n",
      "Q =\n",
      " [[ 1.      0.0013 -0.0001  0.    ]\n",
      " [ 0.0014 -0.9983  0.0579 -0.    ]\n",
      " [-0.      0.0579  0.9983 -0.0001]\n",
      " [-0.      0.      0.0001  1.    ]]\n",
      "R =\n",
      " [[15.9751  0.0127  0.0003 -0.    ]\n",
      " [-0.      6.5609 -0.113   0.    ]\n",
      " [ 0.     -0.      4.6116  0.0003]\n",
      " [-0.      0.      0.     -2.0225]]\n",
      "A =\n",
      " [[15.9751  0.0089 -0.      0.    ]\n",
      " [ 0.0089 -6.5564  0.2669 -0.    ]\n",
      " [-0.      0.2669  4.6038 -0.0002]\n",
      " [ 0.     -0.     -0.0002 -2.0225]]\n",
      "delta = 0.00656\n",
      "---------------------------------------\n",
      "15.975132999056562\n",
      "15.97513054058672\n",
      "Iteration  11\n",
      "Q =\n",
      " [[ 1.      0.0006 -0.     -0.    ]\n",
      " [ 0.0006 -0.9992  0.0407  0.    ]\n",
      " [-0.      0.0407  0.9992  0.0001]\n",
      " [ 0.     -0.     -0.0001  1.    ]]\n",
      "R =\n",
      " [[15.9751  0.0052  0.0001  0.    ]\n",
      " [-0.      6.5619 -0.0794 -0.    ]\n",
      " [ 0.      0.      4.6109 -0.0001]\n",
      " [ 0.      0.     -0.     -2.0225]]\n",
      "A =\n",
      " [[15.9751  0.0036 -0.     -0.    ]\n",
      " [ 0.0036 -6.5597  0.1876  0.    ]\n",
      " [-0.      0.1876  4.6071  0.0001]\n",
      " [-0.      0.      0.0001 -2.0225]]\n",
      "delta = 0.00323\n",
      "---------------------------------------\n",
      "15.97513385361006\n",
      "15.975133438770525\n",
      "Iteration  12\n",
      "Q =\n",
      " [[ 1.      0.0002 -0.      0.    ]\n",
      " [ 0.0002 -0.9996  0.0286 -0.    ]\n",
      " [-0.      0.0286  0.9996 -0.    ]\n",
      " [-0.      0.      0.      1.    ]]\n",
      "R =\n",
      " [[15.9751  0.0021  0.     -0.    ]\n",
      " [-0.      6.5623 -0.0558  0.    ]\n",
      " [ 0.      0.      4.6105  0.0001]\n",
      " [-0.     -0.      0.     -2.0225]]\n",
      "A =\n",
      " [[15.9751  0.0015 -0.      0.    ]\n",
      " [ 0.0015 -6.5613  0.1318 -0.    ]\n",
      " [-0.      0.1318  4.6086 -0.    ]\n",
      " [ 0.     -0.     -0.     -2.0225]]\n",
      "delta = 0.00160\n",
      "---------------------------------------\n",
      "15.975133997710655\n",
      "15.975133927704851\n",
      "Iteration  13\n",
      "Q =\n",
      " [[ 1.      0.0001 -0.     -0.    ]\n",
      " [ 0.0001 -0.9998  0.0201  0.    ]\n",
      " [-0.      0.0201  0.9998  0.    ]\n",
      " [ 0.     -0.     -0.      1.    ]]\n",
      "R =\n",
      " [[15.9751  0.0009  0.      0.    ]\n",
      " [ 0.      6.5626 -0.0392 -0.    ]\n",
      " [-0.     -0.      4.6104 -0.    ]\n",
      " [-0.     -0.      0.     -2.0225]]\n",
      "A =\n",
      " [[15.9751  0.0006 -0.     -0.    ]\n",
      " [ 0.0006 -6.562   0.0926  0.    ]\n",
      " [-0.      0.0926  4.6094  0.    ]\n",
      " [-0.      0.      0.     -2.0225]]\n",
      "delta = 0.00079\n",
      "---------------------------------------\n",
      "15.975134022020212\n",
      "15.975134010205936\n",
      "Iteration  14\n",
      "Q =\n",
      " [[ 1.      0.     -0.      0.    ]\n",
      " [ 0.     -0.9999  0.0141 -0.    ]\n",
      " [-0.      0.0141  0.9999 -0.    ]\n",
      " [-0.      0.      0.      1.    ]]\n",
      "R =\n",
      " [[15.9751  0.0004  0.     -0.    ]\n",
      " [ 0.      6.5627 -0.0275  0.    ]\n",
      " [-0.     -0.      4.6103  0.    ]\n",
      " [ 0.      0.     -0.     -2.0225]]\n",
      "A =\n",
      " [[15.9751  0.0003 -0.      0.    ]\n",
      " [ 0.0003 -6.5624  0.065  -0.    ]\n",
      " [-0.      0.065   4.6098 -0.    ]\n",
      " [ 0.     -0.     -0.     -2.0225]]\n",
      "delta = 0.00039\n",
      "---------------------------------------\n",
      "15.97513402612206\n",
      "15.975134024128224\n",
      "Iteration  15\n",
      "Q =\n",
      " [[ 1.      0.     -0.     -0.    ]\n",
      " [ 0.     -1.      0.0099  0.    ]\n",
      " [-0.      0.0099  1.      0.    ]\n",
      " [ 0.     -0.     -0.      1.    ]]\n",
      "R =\n",
      " [[15.9751  0.0001  0.      0.    ]\n",
      " [-0.      6.5628 -0.0193 -0.    ]\n",
      " [ 0.      0.      4.6102 -0.    ]\n",
      " [ 0.      0.      0.     -2.0225]]\n",
      "A =\n",
      " [[15.9751  0.0001 -0.     -0.    ]\n",
      " [ 0.0001 -6.5626  0.0457  0.    ]\n",
      " [-0.      0.0457  4.61    0.    ]\n",
      " [-0.      0.      0.     -2.0225]]\n",
      "delta = 0.00020\n",
      "---------------------------------------\n",
      "15.975134026814256\n",
      "15.975134026477763\n",
      "Iteration  16\n",
      "Q =\n",
      " [[ 1.     0.    -0.     0.   ]\n",
      " [ 0.    -1.     0.007 -0.   ]\n",
      " [-0.     0.007  1.    -0.   ]\n",
      " [-0.     0.     0.     1.   ]]\n",
      "R =\n",
      " [[15.9751  0.0001  0.     -0.    ]\n",
      " [ 0.      6.5628 -0.0136  0.    ]\n",
      " [-0.      0.      4.6102  0.    ]\n",
      " [ 0.     -0.      0.     -2.0225]]\n",
      "A =\n",
      " [[15.9751  0.     -0.      0.    ]\n",
      " [ 0.     -6.5627  0.0321 -0.    ]\n",
      " [-0.      0.0321  4.6101 -0.    ]\n",
      " [ 0.     -0.     -0.     -2.0225]]\n",
      "delta = 0.00009\n",
      "---------------------------------------\n",
      "Answer:\n",
      "15.9751, -6.5627, 4.6101, -2.0225\n"
     ]
    }
   ],
   "source": [
    "print(\"A =\\n\", a)\n",
    "print(\"---------------------------------------\")\n",
    "qr(a)"
   ]
  }
 ],
 "metadata": {
  "kernelspec": {
   "display_name": "Python 3",
   "language": "python",
   "name": "python3"
  },
  "language_info": {
   "codemirror_mode": {
    "name": "ipython",
    "version": 3
   },
   "file_extension": ".py",
   "mimetype": "text/x-python",
   "name": "python",
   "nbconvert_exporter": "python",
   "pygments_lexer": "ipython3",
   "version": "3.7.9"
  }
 },
 "nbformat": 4,
 "nbformat_minor": 2
}
